forcesRadialDistribution
(
//(Uref[m/s], Uinf[m/s], r[m], Udi(r)[m/s], fn(r)[(N/m^2)/(kg/m^3)], ft(r)[(N/m^2)/(kg/m^3)])
(4  4 2.25 2.708 7.301 13.447)
(4  4 6.75 2.707 7.301 4.482)
(4  4 11.25 2.703 7.301 2.689)
(4  4 15.75 2.696 7.301 1.921)
(4  4 20.25 2.692 7.301 1.494)
(4  4 24.75 2.682 7.301 1.222)
(4  4 29.25 2.669 7.301 1.034)
(4  4 33.75 2.668 7.301 0.896)
(4  4 38.25 2.669 7.301 0.791)
(4  4 42.75 2.699 7.301 0.708)
(4  4 47.25 2.747 7.301 0.640)
(4  4 51.75 2.844 7.301 0.585)
(4  4 56.25 2.978 7.301 0.538)
(4  4 60.75 3.149 7.301 0.498)
(4  5 2.25 3.423 11.408 26.265)
(4  5 6.75 3.421 11.408 8.755)
(4  5 11.25 3.414 11.408 5.253)
(4  5 15.75 3.403 11.408 3.752)
(4  5 20.25 3.394 11.408 2.918)
(4  5 24.75 3.381 11.408 2.388)
(4  5 29.25 3.363 11.408 2.020)
(4  5 33.75 3.361 11.408 1.751)
(4  5 38.25 3.362 11.408 1.545)
(4  5 42.75 3.400 11.408 1.382)
(4  5 47.25 3.461 11.408 1.251)
(4  5 51.75 3.582 11.408 1.142)
(4  5 56.25 3.747 11.408 1.051)
(4  5 60.75 3.959 11.408 0.973)
(4  6 2.25 4.157 16.428 45.385)
(4  6 6.75 4.153 16.428 15.128)
(4  6 11.25 4.142 16.428 9.077)
(4  6 15.75 4.126 16.428 6.484)
(4  6 20.25 4.112 16.428 5.043)
(4  6 24.75 4.093 16.428 4.126)
(4  6 29.25 4.070 16.428 3.491)
(4  6 33.75 4.067 16.428 3.026)
(4  6 38.25 4.070 16.428 2.670)
(4  6 42.75 4.116 16.428 2.389)
(4  6 47.25 4.190 16.428 2.161)
(4  6 51.75 4.334 16.428 1.973)
(4  6 56.25 4.530 16.428 1.815)
(4  6 60.75 4.780 16.428 1.681)
(4  7 2.25 4.909 22.361 72.070)
(4  7 6.75 4.902 22.361 24.023)
(4  7 11.25 4.887 22.360 14.414)
(4  7 15.75 4.865 22.360 10.296)
(4  7 20.25 4.844 22.361 8.008)
(4  7 24.75 4.819 22.360 6.552)
(4  7 29.25 4.790 22.360 5.544)
(4  7 33.75 4.786 22.361 4.805)
(4  7 38.25 4.791 22.360 4.239)
(4  7 42.75 4.846 22.360 3.793)
(4  7 47.25 4.933 22.360 3.432)
(4  7 51.75 5.101 22.360 3.133)
(4  7 56.25 5.326 22.361 2.883)
(4  7 60.75 5.613 22.360 2.669)
(4  8 2.25 5.678 29.206 107.579)
(4  8 6.75 5.668 29.206 35.860)
(4  8 11.25 5.648 29.206 21.516)
(4  8 15.75 5.618 29.205 15.368)
(4  8 20.25 5.589 29.205 11.953)
(4  8 24.75 5.558 29.206 9.780)
(4  8 29.25 5.523 29.206 8.275)
(4  8 33.75 5.518 29.206 7.172)
(4  8 38.25 5.524 29.206 6.328)
(4  8 42.75 5.588 29.206 5.662)
(4  8 47.25 5.689 29.206 5.123)
(4  8 51.75 5.878 29.206 4.677)
(4  8 56.25 6.132 29.206 4.303)
(4  8 60.75 6.454 29.206 3.984)
(4  9 2.25 6.464 36.963 153.174)
(4  9 6.75 6.451 36.963 51.058)
(4  9 11.25 6.424 36.963 30.635)
(4  9 15.75 6.386 36.963 21.882)
(4  9 20.25 6.348 36.963 17.019)
(4  9 24.75 6.309 36.963 13.925)
(4  9 29.25 6.267 36.963 11.783)
(4  9 33.75 6.260 36.963 10.212)
(4  9 38.25 6.268 36.963 9.010)
(4  9 42.75 6.341 36.963 8.062)
(4  9 47.25 6.453 36.963 7.294)
(4  9 51.75 6.665 36.963 6.660)
(4  9 56.25 6.945 36.963 6.127)
(4  9 60.75 7.302 36.963 5.673)
(4  10 2.25 7.268 45.634 210.116)
(4  10 6.75 7.251 45.634 70.039)
(4  10 11.25 7.216 45.634 42.023)
(4  10 15.75 7.168 45.634 30.017)
(4  10 20.25 7.120 45.634 23.346)
(4  10 24.75 7.071 45.634 19.101)
(4  10 29.25 7.021 45.634 16.163)
(4  10 33.75 7.012 45.634 14.008)
(4  10 38.25 7.021 45.634 12.360)
(4  10 42.75 7.101 45.634 11.059)
(4  10 47.25 7.226 45.634 10.006)
(4  10 51.75 7.458 45.634 9.135)
(4  10 56.25 7.765 45.634 8.405)
(4  10 60.75 8.156 45.634 7.782)
(4  11 2.25 8.090 55.217 279.664)
(4  11 6.75 8.069 55.217 93.221)
(4  11 11.25 8.024 55.217 55.933)
(4  11 15.75 7.965 55.217 39.952)
(4  11 20.25 7.904 55.217 31.074)
(4  11 24.75 7.845 55.217 25.424)
(4  11 29.25 7.785 55.217 21.513)
(4  11 33.75 7.773 55.217 18.644)
(4  11 38.25 7.781 55.217 16.451)
(4  11 42.75 7.869 55.217 14.719)
(4  11 47.25 8.004 55.217 13.317)
(4  11 51.75 8.257 55.217 12.159)
(4  11 56.25 8.590 55.217 11.187)
(4  11 60.75 9.013 55.217 10.358)
(4  12 2.25 8.931 65.712 363.080)
(4  12 6.75 8.903 65.713 121.027)
(4  12 11.25 8.847 65.712 72.616)
(4  12 15.75 8.775 65.712 51.869)
(4  12 20.25 8.700 65.713 40.342)
(4  12 24.75 8.629 65.712 33.007)
(4  12 29.25 8.559 65.712 27.929)
(4  12 33.75 8.541 65.712 24.205)
(4  12 38.25 8.549 65.712 21.358)
(4  12 42.75 8.641 65.712 19.109)
(4  12 47.25 8.787 65.712 17.290)
(4  12 51.75 9.060 65.712 15.786)
(4  12 56.25 9.418 65.712 14.523)
(4  12 60.75 9.873 65.712 13.447)
(4  13 2.25 9.789 77.121 461.625)
(4  13 6.75 9.755 77.121 153.875)
(4  13 11.25 9.686 77.121 92.325)
(4  13 15.75 9.598 77.121 65.946)
(4  13 20.25 9.507 77.121 51.292)
(4  13 24.75 9.423 77.121 41.966)
(4  13 29.25 9.340 77.121 35.510)
(4  13 33.75 9.317 77.121 30.775)
(4  13 38.25 9.321 77.121 27.154)
(4  13 42.75 9.419 77.121 24.296)
(4  13 47.25 9.574 77.121 21.982)
(4  13 51.75 9.866 77.121 20.071)
(4  13 56.25 10.250 77.121 18.465)
(4  13 60.75 10.736 77.121 17.097)
(4  14 2.25 10.665 89.442 576.557)
(4  14 6.75 10.623 89.442 192.186)
(4  14 11.25 10.540 89.442 115.311)
(4  14 15.75 10.435 89.442 82.365)
(4  14 20.25 10.326 89.442 64.062)
(4  14 24.75 10.226 89.442 52.414)
(4  14 29.25 10.129 89.442 44.351)
(4  14 33.75 10.099 89.442 38.437)
(4  14 38.25 10.099 89.442 33.915)
(4  14 42.75 10.200 89.442 30.345)
(4  14 47.25 10.364 89.442 27.455)
(4  14 51.75 10.674 89.442 25.068)
(4  14 56.25 11.083 89.442 23.062)
(4  14 60.75 11.601 89.442 21.354)
(5  4 2.25 2.790 6.950 11.711)
(5  4 6.75 2.789 6.950 3.904)
(5  4 11.25 2.786 6.950 2.342)
(5  4 15.75 2.780 6.950 1.673)
(5  4 20.25 2.777 6.950 1.301)
(5  4 24.75 2.769 6.950 1.065)
(5  4 29.25 2.758 6.950 0.901)
(5  4 33.75 2.757 6.950 0.781)
(5  4 38.25 2.759 6.950 0.689)
(5  4 42.75 2.787 6.950 0.616)
(5  4 47.25 2.832 6.950 0.558)
(5  4 51.75 2.924 6.950 0.509)
(5  4 56.25 3.050 6.950 0.468)
(5  4 60.75 3.211 6.950 0.434)
(5  5 2.25 3.516 10.860 22.873)
(5  5 6.75 3.514 10.860 7.624)
(5  5 11.25 3.509 10.860 4.575)
(5  5 15.75 3.500 10.860 3.268)
(5  5 20.25 3.494 10.860 2.541)
(5  5 24.75 3.483 10.860 2.079)
(5  5 29.25 3.468 10.860 1.759)
(5  5 33.75 3.466 10.860 1.525)
(5  5 38.25 3.469 10.860 1.345)
(5  5 42.75 3.505 10.860 1.204)
(5  5 47.25 3.563 10.860 1.089)
(5  5 51.75 3.677 10.860 0.994)
(5  5 56.25 3.833 10.860 0.915)
(5  5 60.75 4.032 10.860 0.847)
(5  6 2.25 4.257 15.638 39.524)
(5  6 6.75 4.254 15.638 13.175)
(5  6 11.25 4.246 15.638 7.905)
(5  6 15.75 4.234 15.638 5.646)
(5  6 20.25 4.223 15.638 4.392)
(5  6 24.75 4.208 15.638 3.593)
(5  6 29.25 4.189 15.638 3.040)
(5  6 33.75 4.187 15.638 2.635)
(5  6 38.25 4.192 15.638 2.325)
(5  6 42.75 4.236 15.638 2.080)
(5  6 47.25 4.307 15.638 1.882)
(5  6 51.75 4.443 15.638 1.718)
(5  6 56.25 4.629 15.638 1.581)
(5  6 60.75 4.864 15.638 1.464)
(5  7 2.25 5.013 21.285 62.763)
(5  7 6.75 5.009 21.285 20.921)
(5  7 11.25 4.997 21.285 12.553)
(5  7 15.75 4.980 21.285 8.966)
(5  7 20.25 4.965 21.285 6.974)
(5  7 24.75 4.945 21.285 5.706)
(5  7 29.25 4.921 21.285 4.828)
(5  7 33.75 4.920 21.285 4.184)
(5  7 38.25 4.927 21.285 3.692)
(5  7 42.75 4.980 21.285 3.303)
(5  7 47.25 5.063 21.285 2.989)
(5  7 51.75 5.222 21.285 2.729)
(5  7 56.25 5.435 21.285 2.511)
(5  7 60.75 5.706 21.285 2.325)
(5  8 2.25 5.784 27.801 93.687)
(5  8 6.75 5.777 27.801 31.229)
(5  8 11.25 5.762 27.801 18.737)
(5  8 15.75 5.739 27.801 13.384)
(5  8 20.25 5.718 27.801 10.410)
(5  8 24.75 5.693 27.801 8.517)
(5  8 29.25 5.665 27.801 7.207)
(5  8 33.75 5.663 27.801 6.246)
(5  8 38.25 5.673 27.801 5.511)
(5  8 42.75 5.735 27.801 4.931)
(5  8 47.25 5.831 27.801 4.461)
(5  8 51.75 6.012 27.801 4.073)
(5  8 56.25 6.251 27.801 3.747)
(5  8 60.75 6.556 27.801 3.470)
(5  9 2.25 6.570 35.186 133.394)
(5  9 6.75 6.561 35.186 44.465)
(5  9 11.25 6.540 35.186 26.679)
(5  9 15.75 6.511 35.186 19.056)
(5  9 20.25 6.483 35.186 14.822)
(5  9 24.75 6.452 35.186 12.127)
(5  9 29.25 6.418 35.186 10.261)
(5  9 33.75 6.417 35.186 8.893)
(5  9 38.25 6.429 35.186 7.847)
(5  9 42.75 6.500 35.186 7.021)
(5  9 47.25 6.608 35.186 6.352)
(5  9 51.75 6.810 35.186 5.800)
(5  9 56.25 7.075 35.186 5.336)
(5  9 60.75 7.413 35.186 4.941)
(5  10 2.25 7.371 43.440 182.983)
(5  10 6.75 7.358 43.440 60.994)
(5  10 11.25 7.332 43.440 36.597)
(5  10 15.75 7.295 43.439 26.140)
(5  10 20.25 7.259 43.439 20.331)
(5  10 24.75 7.221 43.440 16.635)
(5  10 29.25 7.181 43.440 14.076)
(5  10 33.75 7.179 43.440 12.199)
(5  10 38.25 7.193 43.439 10.764)
(5  10 42.75 7.272 43.439 9.631)
(5  10 47.25 7.393 43.440 8.713)
(5  10 51.75 7.614 43.440 7.956)
(5  10 56.25 7.905 43.440 7.319)
(5  10 60.75 8.275 43.439 6.777)
(5  11 2.25 8.187 52.562 243.550)
(5  11 6.75 8.171 52.562 81.183)
(5  11 11.25 8.137 52.562 48.710)
(5  11 15.75 8.092 52.562 34.793)
(5  11 20.25 8.046 52.562 27.061)
(5  11 24.75 8.000 52.562 22.141)
(5  11 29.25 7.954 52.562 18.735)
(5  11 33.75 7.949 52.562 16.237)
(5  11 38.25 7.964 52.562 14.326)
(5  11 42.75 8.051 52.562 12.818)
(5  11 47.25 8.183 52.562 11.598)
(5  11 51.75 8.424 52.562 10.589)
(5  11 56.25 8.740 52.562 9.742)
(5  11 60.75 9.141 52.562 9.020)
(5  12 2.25 9.018 62.553 316.195)
(5  12 6.75 8.998 62.553 105.398)
(5  12 11.25 8.956 62.553 63.239)
(5  12 15.75 8.900 62.553 45.171)
(5  12 20.25 8.844 62.553 35.133)
(5  12 24.75 8.789 62.553 28.745)
(5  12 29.25 8.734 62.553 24.323)
(5  12 33.75 8.727 62.553 21.080)
(5  12 38.25 8.742 62.553 18.600)
(5  12 42.75 8.836 62.553 16.642)
(5  12 47.25 8.978 62.553 15.057)
(5  12 51.75 9.238 62.553 13.748)
(5  12 56.25 9.578 62.553 12.648)
(5  12 60.75 10.009 62.553 11.711)
(5  13 2.25 9.865 73.413 402.013)
(5  13 6.75 9.839 73.413 134.004)
(5  13 11.25 9.787 73.413 80.403)
(5  13 15.75 9.720 73.413 57.430)
(5  13 20.25 9.651 73.413 44.668)
(5  13 24.75 9.586 73.413 36.547)
(5  13 29.25 9.522 73.413 30.924)
(5  13 33.75 9.511 73.413 26.801)
(5  13 38.25 9.525 73.413 23.648)
(5  13 42.75 9.625 73.413 21.159)
(5  13 47.25 9.776 73.413 19.143)
(5  13 51.75 10.055 73.413 17.479)
(5  13 56.25 10.420 73.413 16.081)
(5  13 60.75 10.881 73.413 14.889)
(5  14 2.25 10.726 85.142 502.105)
(5  14 6.75 10.695 85.141 167.368)
(5  14 11.25 10.631 85.141 100.421)
(5  14 15.75 10.551 85.141 71.729)
(5  14 20.25 10.468 85.141 55.789)
(5  14 24.75 10.391 85.141 45.646)
(5  14 29.25 10.316 85.141 38.623)
(5  14 33.75 10.301 85.141 33.474)
(5  14 38.25 10.312 85.141 29.536)
(5  14 42.75 10.417 85.141 26.427)
(5  14 47.25 10.578 85.141 23.910)
(5  14 51.75 10.875 85.141 21.831)
(5  14 56.25 11.263 85.141 20.084)
(5  14 60.75 11.754 85.141 18.596)
(6  4 2.25 2.949 6.240 9.716)
(6  4 6.75 2.949 6.240 3.239)
(6  4 11.25 2.947 6.240 1.943)
(6  4 15.75 2.942 6.240 1.388)
(6  4 20.25 2.941 6.240 1.080)
(6  4 24.75 2.934 6.240 0.883)
(6  4 29.25 2.925 6.240 0.747)
(6  4 33.75 2.925 6.240 0.648)
(6  4 38.25 2.926 6.240 0.572)
(6  4 42.75 2.951 6.240 0.511)
(6  4 47.25 2.991 6.240 0.463)
(6  4 51.75 3.072 6.240 0.422)
(6  4 56.25 3.183 6.240 0.389)
(6  4 60.75 3.326 6.240 0.360)
(6  5 2.25 3.705 9.751 18.978)
(6  5 6.75 3.704 9.751 6.326)
(6  5 11.25 3.700 9.751 3.796)
(6  5 15.75 3.694 9.751 2.711)
(6  5 20.25 3.690 9.751 2.109)
(6  5 24.75 3.681 9.751 1.725)
(6  5 29.25 3.670 9.751 1.460)
(6  5 33.75 3.669 9.751 1.265)
(6  5 38.25 3.672 9.751 1.116)
(6  5 42.75 3.704 9.751 0.999)
(6  5 47.25 3.755 9.751 0.904)
(6  5 51.75 3.856 9.751 0.825)
(6  5 56.25 3.994 9.751 0.759)
(6  5 60.75 4.170 9.751 0.703)
(6  6 2.25 4.471 14.041 32.793)
(6  6 6.75 4.469 14.041 10.931)
(6  6 11.25 4.464 14.041 6.559)
(6  6 15.75 4.455 14.041 4.685)
(6  6 20.25 4.448 14.041 3.644)
(6  6 24.75 4.437 14.041 2.981)
(6  6 29.25 4.422 14.041 2.523)
(6  6 33.75 4.422 14.041 2.186)
(6  6 38.25 4.427 14.041 1.929)
(6  6 42.75 4.467 14.041 1.726)
(6  6 47.25 4.530 14.041 1.562)
(6  6 51.75 4.651 14.041 1.426)
(6  6 56.25 4.814 14.041 1.312)
(6  6 60.75 5.023 14.041 1.215)
(6  7 2.25 5.248 19.111 52.074)
(6  7 6.75 5.245 19.111 17.358)
(6  7 11.25 5.238 19.111 10.415)
(6  7 15.75 5.226 19.111 7.439)
(6  7 20.25 5.216 19.111 5.786)
(6  7 24.75 5.201 19.111 4.734)
(6  7 29.25 5.184 19.111 4.006)
(6  7 33.75 5.184 19.111 3.472)
(6  7 38.25 5.192 19.111 3.063)
(6  7 42.75 5.241 19.111 2.741)
(6  7 47.25 5.315 19.111 2.480)
(6  7 51.75 5.456 19.111 2.264)
(6  7 56.25 5.644 19.111 2.083)
(6  7 60.75 5.884 19.111 1.929)
(6  8 2.25 6.037 24.961 77.732)
(6  8 6.75 6.032 24.962 25.911)
(6  8 11.25 6.022 24.962 15.546)
(6  8 15.75 6.006 24.962 11.105)
(6  8 20.25 5.992 24.962 8.637)
(6  8 24.75 5.974 24.962 7.067)
(6  8 29.25 5.954 24.962 5.979)
(6  8 33.75 5.956 24.962 5.182)
(6  8 38.25 5.967 24.962 4.572)
(6  8 42.75 6.024 24.962 4.091)
(6  8 47.25 6.110 24.962 3.702)
(6  8 51.75 6.270 24.962 3.380)
(6  8 56.25 6.482 24.962 3.109)
(6  8 60.75 6.752 24.961 2.879)
(6  9 2.25 6.837 31.592 110.677)
(6  9 6.75 6.831 31.592 36.892)
(6  9 11.25 6.817 31.592 22.135)
(6  9 15.75 6.797 31.592 15.811)
(6  9 20.25 6.778 31.592 12.297)
(6  9 24.75 6.757 31.592 10.062)
(6  9 29.25 6.732 31.592 8.514)
(6  9 33.75 6.735 31.592 7.378)
(6  9 38.25 6.749 31.592 6.510)
(6  9 42.75 6.815 31.592 5.825)
(6  9 47.25 6.913 31.592 5.270)
(6  9 51.75 7.092 31.592 4.812)
(6  9 56.25 7.327 31.592 4.427)
(6  9 60.75 7.626 31.592 4.099)
(6  10 2.25 7.649 39.002 151.820)
(6  10 6.75 7.641 39.002 50.607)
(6  10 11.25 7.623 39.003 30.364)
(6  10 15.75 7.598 39.002 21.689)
(6  10 20.25 7.574 39.002 16.869)
(6  10 24.75 7.548 39.002 13.802)
(6  10 29.25 7.519 39.002 11.678)
(6  10 33.75 7.523 39.002 10.121)
(6  10 38.25 7.540 39.002 8.931)
(6  10 42.75 7.614 39.002 7.991)
(6  10 47.25 7.722 39.002 7.230)
(6  10 51.75 7.920 39.002 6.601)
(6  10 56.25 8.178 39.002 6.073)
(6  10 60.75 8.505 39.002 5.623)
(6  11 2.25 8.473 47.193 202.073)
(6  11 6.75 8.463 47.193 67.358)
(6  11 11.25 8.440 47.193 40.415)
(6  11 15.75 8.409 47.193 28.868)
(6  11 20.25 8.378 47.193 22.453)
(6  11 24.75 8.347 47.193 18.370)
(6  11 29.25 8.314 47.193 15.544)
(6  11 33.75 8.317 47.193 13.472)
(6  11 38.25 8.337 47.193 11.887)
(6  11 42.75 8.418 47.193 10.635)
(6  11 47.25 8.538 47.193 9.623)
(6  11 51.75 8.753 47.193 8.786)
(6  11 56.25 9.033 47.193 8.083)
(6  11 60.75 9.388 47.193 7.484)
(6  12 2.25 9.310 56.163 262.345)
(6  12 6.75 9.297 56.163 87.448)
(6  12 11.25 9.268 56.163 52.469)
(6  12 15.75 9.230 56.163 37.478)
(6  12 20.25 9.192 56.163 29.149)
(6  12 24.75 9.154 56.163 23.850)
(6  12 29.25 9.116 56.163 20.180)
(6  12 33.75 9.118 56.163 17.490)
(6  12 38.25 9.139 56.163 15.432)
(6  12 42.75 9.228 56.163 13.808)
(6  12 47.25 9.357 56.163 12.493)
(6  12 51.75 9.590 56.163 11.406)
(6  12 56.25 9.892 56.163 10.494)
(6  12 60.75 10.274 56.163 9.716)
(6  13 2.25 10.158 65.914 333.548)
(6  13 6.75 10.141 65.914 111.183)
(6  13 11.25 10.106 65.914 66.710)
(6  13 15.75 10.060 65.914 47.650)
(6  13 20.25 10.014 65.914 37.061)
(6  13 24.75 9.969 65.914 30.323)
(6  13 29.25 9.925 65.914 25.658)
(6  13 33.75 9.925 65.914 22.237)
(6  13 38.25 9.947 65.914 19.620)
(6  13 42.75 10.042 65.914 17.555)
(6  13 47.25 10.180 65.914 15.883)
(6  13 51.75 10.430 65.914 14.502)
(6  13 56.25 10.754 65.914 13.342)
(6  13 60.75 11.162 65.914 12.354)
(6  14 2.25 11.017 76.445 416.595)
(6  14 6.75 10.997 76.444 138.865)
(6  14 11.25 10.954 76.445 83.319)
(6  14 15.75 10.898 76.445 59.514)
(6  14 20.25 10.843 76.445 46.288)
(6  14 24.75 10.790 76.445 37.872)
(6  14 29.25 10.739 76.445 32.046)
(6  14 33.75 10.737 76.445 27.773)
(6  14 38.25 10.758 76.445 24.506)
(6  14 42.75 10.859 76.445 21.926)
(6  14 47.25 11.007 76.445 19.838)
(6  14 51.75 11.273 76.445 18.113)
(6  14 56.25 11.618 76.445 16.664)
(6  14 60.75 12.053 76.444 15.429)
(7  4 2.25 2.958 6.181 8.307)
(7  4 6.75 2.958 6.181 2.769)
(7  4 11.25 2.956 6.181 1.661)
(7  4 15.75 2.953 6.181 1.187)
(7  4 20.25 2.951 6.181 0.923)
(7  4 24.75 2.946 6.181 0.755)
(7  4 29.25 2.937 6.181 0.639)
(7  4 33.75 2.937 6.181 0.554)
(7  4 38.25 2.939 6.181 0.489)
(7  4 42.75 2.964 6.181 0.437)
(7  4 47.25 3.003 6.181 0.396)
(7  4 51.75 3.083 6.181 0.361)
(7  4 56.25 3.194 6.181 0.332)
(7  4 60.75 3.334 6.181 0.308)
(7  5 2.25 3.714 9.658 16.224)
(7  5 6.75 3.713 9.658 5.408)
(7  5 11.25 3.710 9.658 3.245)
(7  5 15.75 3.705 9.658 2.318)
(7  5 20.25 3.702 9.658 1.803)
(7  5 24.75 3.694 9.658 1.475)
(7  5 29.25 3.683 9.658 1.248)
(7  5 33.75 3.684 9.658 1.082)
(7  5 38.25 3.687 9.658 0.954)
(7  5 42.75 3.719 9.658 0.854)
(7  5 47.25 3.770 9.658 0.773)
(7  5 51.75 3.870 9.658 0.705)
(7  5 56.25 4.006 9.658 0.649)
(7  5 60.75 4.181 9.658 0.601)
(7  6 2.25 4.478 13.907 28.034)
(7  6 6.75 4.477 13.907 9.345)
(7  6 11.25 4.473 13.907 5.607)
(7  6 15.75 4.465 13.907 4.005)
(7  6 20.25 4.460 13.907 3.115)
(7  6 24.75 4.451 13.907 2.549)
(7  6 29.25 4.437 13.907 2.156)
(7  6 33.75 4.438 13.907 1.869)
(7  6 38.25 4.444 13.907 1.649)
(7  6 42.75 4.484 13.907 1.475)
(7  6 47.25 4.546 13.907 1.335)
(7  6 51.75 4.667 13.907 1.219)
(7  6 56.25 4.829 13.907 1.121)
(7  6 60.75 5.035 13.907 1.038)
(7  7 2.25 5.251 18.930 44.518)
(7  7 6.75 5.249 18.930 14.839)
(7  7 11.25 5.244 18.930 8.904)
(7  7 15.75 5.234 18.930 6.360)
(7  7 20.25 5.227 18.930 4.946)
(7  7 24.75 5.215 18.929 4.047)
(7  7 29.25 5.199 18.930 3.424)
(7  7 33.75 5.202 18.930 2.968)
(7  7 38.25 5.211 18.929 2.619)
(7  7 42.75 5.260 18.930 2.343)
(7  7 47.25 5.334 18.930 2.120)
(7  7 51.75 5.474 18.930 1.936)
(7  7 56.25 5.660 18.930 1.781)
(7  7 60.75 5.898 18.930 1.649)
(7  8 2.25 6.035 24.724 66.452)
(7  8 6.75 6.032 24.724 22.151)
(7  8 11.25 6.024 24.724 13.290)
(7  8 15.75 6.012 24.724 9.493)
(7  8 20.25 6.001 24.724 7.384)
(7  8 24.75 5.987 24.724 6.041)
(7  8 29.25 5.969 24.724 5.112)
(7  8 33.75 5.973 24.724 4.430)
(7  8 38.25 5.986 24.724 3.909)
(7  8 42.75 6.044 24.724 3.497)
(7  8 47.25 6.130 24.724 3.164)
(7  8 51.75 6.290 24.724 2.889)
(7  8 56.25 6.500 24.724 2.658)
(7  8 60.75 6.767 24.724 2.461)
(7  9 2.25 6.829 31.292 94.616)
(7  9 6.75 6.825 31.292 31.539)
(7  9 11.25 6.814 31.292 18.923)
(7  9 15.75 6.799 31.292 13.517)
(7  9 20.25 6.785 31.292 10.513)
(7  9 24.75 6.768 31.292 8.601)
(7  9 29.25 6.748 31.292 7.278)
(7  9 33.75 6.753 31.292 6.308)
(7  9 38.25 6.770 31.292 5.566)
(7  9 42.75 6.837 31.292 4.980)
(7  9 47.25 6.935 31.292 4.506)
(7  9 51.75 7.114 31.292 4.114)
(7  9 56.25 7.347 31.292 3.785)
(7  9 60.75 7.643 31.292 3.504)
(7  10 2.25 7.633 38.632 129.789)
(7  10 6.75 7.628 38.632 43.263)
(7  10 11.25 7.615 38.632 25.958)
(7  10 15.75 7.595 38.632 18.541)
(7  10 20.25 7.577 38.632 14.421)
(7  10 24.75 7.557 38.632 11.799)
(7  10 29.25 7.534 38.632 9.984)
(7  10 33.75 7.541 38.632 8.653)
(7  10 38.25 7.562 38.632 7.635)
(7  10 42.75 7.637 38.632 6.831)
(7  10 47.25 7.747 38.632 6.180)
(7  10 51.75 7.944 38.632 5.643)
(7  10 56.25 8.199 38.632 5.192)
(7  10 60.75 8.523 38.632 4.807)
(7  11 2.25 8.449 46.744 172.749)
(7  11 6.75 8.442 46.744 57.583)
(7  11 11.25 8.425 46.744 34.550)
(7  11 15.75 8.401 46.744 24.678)
(7  11 20.25 8.378 46.744 19.194)
(7  11 24.75 8.354 46.744 15.704)
(7  11 29.25 8.328 46.744 13.288)
(7  11 33.75 8.336 46.744 11.517)
(7  11 38.25 8.360 46.744 10.162)
(7  11 42.75 8.443 46.744 9.092)
(7  11 47.25 8.564 46.744 8.226)
(7  11 51.75 8.779 46.744 7.511)
(7  11 56.25 9.056 46.744 6.910)
(7  11 60.75 9.407 46.744 6.398)
(7  12 2.25 9.276 55.630 224.275)
(7  12 6.75 9.267 55.630 74.758)
(7  12 11.25 9.245 55.630 44.855)
(7  12 15.75 9.216 55.630 32.039)
(7  12 20.25 9.188 55.630 24.919)
(7  12 24.75 9.159 55.630 20.389)
(7  12 29.25 9.129 55.630 17.252)
(7  12 33.75 9.137 55.630 14.952)
(7  12 38.25 9.163 55.630 13.193)
(7  12 42.75 9.254 55.630 11.804)
(7  12 47.25 9.385 55.630 10.680)
(7  12 51.75 9.617 55.630 9.751)
(7  12 56.25 9.917 55.630 8.971)
(7  12 60.75 10.295 55.630 8.306)
(7  13 2.25 10.113 65.287 285.146)
(7  13 6.75 10.101 65.288 95.049)
(7  13 11.25 10.075 65.288 57.029)
(7  13 15.75 10.039 65.288 40.735)
(7  13 20.25 10.005 65.288 31.683)
(7  13 24.75 9.970 65.288 25.922)
(7  13 29.25 9.936 65.288 21.934)
(7  13 33.75 9.943 65.288 19.010)
(7  13 38.25 9.971 65.288 16.773)
(7  13 42.75 10.070 65.288 15.008)
(7  13 47.25 10.210 65.288 13.578)
(7  13 51.75 10.459 65.288 12.398)
(7  13 56.25 10.780 65.288 11.406)
(7  13 60.75 11.185 65.288 10.561)
(7  14 2.25 10.960 75.718 356.141)
(7  14 6.75 10.945 75.718 118.714)
(7  14 11.25 10.913 75.718 71.228)
(7  14 15.75 10.871 75.718 50.877)
(7  14 20.25 10.829 75.718 39.571)
(7  14 24.75 10.788 75.718 32.376)
(7  14 29.25 10.748 75.718 27.395)
(7  14 33.75 10.755 75.718 23.743)
(7  14 38.25 10.784 75.718 20.949)
(7  14 42.75 10.888 75.718 18.744)
(7  14 47.25 11.039 75.718 16.959)
(7  14 51.75 11.304 75.718 15.484)
(7  14 56.25 11.646 75.718 14.246)
(7  14 60.75 12.077 75.718 13.190)
(8  4 2.25 2.960 6.162 7.263)
(8  4 6.75 2.960 6.162 2.421)
(8  4 11.25 2.958 6.162 1.453)
(8  4 15.75 2.955 6.162 1.038)
(8  4 20.25 2.954 6.162 0.807)
(8  4 24.75 2.949 6.162 0.660)
(8  4 29.25 2.940 6.162 0.559)
(8  4 33.75 2.940 6.162 0.484)
(8  4 38.25 2.942 6.162 0.427)
(8  4 42.75 2.967 6.162 0.382)
(8  4 47.25 3.007 6.162 0.346)
(8  4 51.75 3.087 6.162 0.316)
(8  4 56.25 3.197 6.162 0.291)
(8  4 60.75 3.337 6.162 0.269)
(8  5 2.25 3.714 9.628 14.185)
(8  5 6.75 3.714 9.628 4.728)
(8  5 11.25 3.711 9.628 2.837)
(8  5 15.75 3.707 9.628 2.026)
(8  5 20.25 3.704 9.628 1.576)
(8  5 24.75 3.697 9.628 1.290)
(8  5 29.25 3.687 9.628 1.091)
(8  5 33.75 3.687 9.628 0.946)
(8  5 38.25 3.691 9.628 0.834)
(8  5 42.75 3.723 9.628 0.747)
(8  5 47.25 3.774 9.628 0.675)
(8  5 51.75 3.874 9.628 0.617)
(8  5 56.25 4.010 9.628 0.567)
(8  5 60.75 4.184 9.628 0.525)
(8  6 2.25 4.476 13.865 24.511)
(8  6 6.75 4.475 13.865 8.170)
(8  6 11.25 4.472 13.865 4.902)
(8  6 15.75 4.466 13.865 3.502)
(8  6 20.25 4.462 13.865 2.723)
(8  6 24.75 4.453 13.865 2.228)
(8  6 29.25 4.441 13.865 1.885)
(8  6 33.75 4.442 13.865 1.634)
(8  6 38.25 4.449 13.865 1.442)
(8  6 42.75 4.489 13.865 1.290)
(8  6 47.25 4.551 13.865 1.167)
(8  6 51.75 4.671 13.865 1.066)
(8  6 56.25 4.833 13.865 0.980)
(8  6 60.75 5.039 13.865 0.908)
(8  7 2.25 5.246 18.871 38.923)
(8  7 6.75 5.245 18.871 12.974)
(8  7 11.25 5.240 18.871 7.785)
(8  7 15.75 5.232 18.871 5.560)
(8  7 20.25 5.226 18.871 4.325)
(8  7 24.75 5.216 18.871 3.538)
(8  7 29.25 5.202 18.871 2.994)
(8  7 33.75 5.205 18.871 2.595)
(8  7 38.25 5.215 18.871 2.290)
(8  7 42.75 5.265 18.871 2.049)
(8  7 47.25 5.339 18.871 1.853)
(8  7 51.75 5.479 18.871 1.692)
(8  7 56.25 5.665 18.871 1.557)
(8  7 60.75 5.902 18.871 1.442)
(8  8 2.25 6.025 24.648 58.101)
(8  8 6.75 6.023 24.648 19.367)
(8  8 11.25 6.017 24.648 11.620)
(8  8 15.75 6.007 24.648 8.300)
(8  8 20.25 5.999 24.648 6.456)
(8  8 24.75 5.987 24.648 5.282)
(8  8 29.25 5.971 24.648 4.469)
(8  8 33.75 5.977 24.648 3.873)
(8  8 38.25 5.991 24.648 3.418)
(8  8 42.75 6.050 24.648 3.058)
(8  8 47.25 6.136 24.648 2.767)
(8  8 51.75 6.296 24.648 2.526)
(8  8 56.25 6.506 24.648 2.324)
(8  8 60.75 6.772 24.648 2.152)
(8  9 2.25 6.813 31.195 82.726)
(8  9 6.75 6.811 31.195 27.575)
(8  9 11.25 6.803 31.195 16.545)
(8  9 15.75 6.790 31.195 11.818)
(8  9 20.25 6.779 31.195 9.192)
(8  9 24.75 6.765 31.195 7.521)
(8  9 29.25 6.748 31.195 6.364)
(8  9 33.75 6.756 31.195 5.515)
(8  9 38.25 6.775 31.195 4.866)
(8  9 42.75 6.843 31.195 4.354)
(8  9 47.25 6.942 31.195 3.939)
(8  9 51.75 7.120 31.195 3.597)
(8  9 56.25 7.353 31.195 3.309)
(8  9 60.75 7.648 31.195 3.064)
(8  10 2.25 7.612 38.513 113.479)
(8  10 6.75 7.608 38.513 37.826)
(8  10 11.25 7.598 38.512 22.696)
(8  10 15.75 7.582 38.513 16.211)
(8  10 20.25 7.569 38.513 12.609)
(8  10 24.75 7.552 38.513 10.316)
(8  10 29.25 7.533 38.513 8.729)
(8  10 33.75 7.543 38.513 7.565)
(8  10 38.25 7.566 38.513 6.675)
(8  10 42.75 7.643 38.513 5.973)
(8  10 47.25 7.754 38.513 5.404)
(8  10 51.75 7.951 38.513 4.934)
(8  10 56.25 8.206 38.513 4.539)
(8  10 60.75 8.529 38.513 4.203)
(8  11 2.25 8.421 46.600 151.040)
(8  11 6.75 8.416 46.600 50.347)
(8  11 11.25 8.403 46.600 30.208)
(8  11 15.75 8.384 46.600 21.577)
(8  11 20.25 8.366 46.600 16.782)
(8  11 24.75 8.347 46.600 13.731)
(8  11 29.25 8.325 46.600 11.618)
(8  11 33.75 8.337 46.600 10.069)
(8  11 38.25 8.364 46.600 8.885)
(8  11 42.75 8.450 46.600 7.949)
(8  11 47.25 8.571 46.600 7.192)
(8  11 51.75 8.786 46.600 6.567)
(8  11 56.25 9.063 46.600 6.042)
(8  11 60.75 9.413 46.600 5.594)
(8  12 2.25 9.240 55.458 196.090)
(8  12 6.75 9.234 55.458 65.363)
(8  12 11.25 9.217 55.458 39.218)
(8  12 15.75 9.194 55.458 28.013)
(8  12 20.25 9.172 55.458 21.788)
(8  12 24.75 9.149 55.458 17.826)
(8  12 29.25 9.124 55.458 15.084)
(8  12 33.75 9.137 55.458 13.073)
(8  12 38.25 9.167 55.458 11.535)
(8  12 42.75 9.261 55.458 10.321)
(8  12 47.25 9.393 55.458 9.338)
(8  12 51.75 9.626 55.458 8.526)
(8  12 56.25 9.924 55.458 7.844)
(8  12 60.75 10.301 55.458 7.263)
(8  13 2.25 10.069 65.086 249.312)
(8  13 6.75 10.061 65.086 83.104)
(8  13 11.25 10.040 65.086 49.862)
(8  13 15.75 10.012 65.086 35.616)
(8  13 20.25 9.985 65.086 27.701)
(8  13 24.75 9.958 65.086 22.665)
(8  13 29.25 9.930 65.086 19.178)
(8  13 33.75 9.942 65.086 16.621)
(8  13 38.25 9.975 65.086 14.665)
(8  13 42.75 10.076 65.086 13.122)
(8  13 47.25 10.219 65.086 11.872)
(8  13 51.75 10.468 65.086 10.840)
(8  13 56.25 10.788 65.086 9.972)
(8  13 60.75 11.192 65.086 9.234)
(8  14 2.25 10.907 75.485 311.385)
(8  14 6.75 10.896 75.485 103.795)
(8  14 11.25 10.871 75.485 62.277)
(8  14 15.75 10.838 75.485 44.484)
(8  14 20.25 10.805 75.485 34.598)
(8  14 24.75 10.772 75.485 28.308)
(8  14 29.25 10.740 75.485 23.953)
(8  14 33.75 10.753 75.485 20.759)
(8  14 38.25 10.787 75.485 18.317)
(8  14 42.75 10.895 75.485 16.389)
(8  14 47.25 11.048 75.485 14.828)
(8  14 51.75 11.314 75.485 13.538)
(8  14 56.25 11.655 75.485 12.455)
(8  14 60.75 12.084 75.485 11.533)
(9  4 2.25 2.963 6.141 6.450)
(9  4 6.75 2.963 6.141 2.150)
(9  4 11.25 2.962 6.141 1.290)
(9  4 15.75 2.959 6.141 0.921)
(9  4 20.25 2.958 6.141 0.717)
(9  4 24.75 2.952 6.141 0.586)
(9  4 29.25 2.944 6.141 0.496)
(9  4 33.75 2.945 6.141 0.430)
(9  4 38.25 2.947 6.141 0.379)
(9  4 42.75 2.972 6.141 0.339)
(9  4 47.25 3.011 6.141 0.307)
(9  4 51.75 3.091 6.141 0.280)
(9  4 56.25 3.200 6.141 0.258)
(9  4 60.75 3.340 6.141 0.239)
(9  5 2.25 3.716 9.595 12.597)
(9  5 6.75 3.716 9.595 4.199)
(9  5 11.25 3.714 9.595 2.519)
(9  5 15.75 3.710 9.595 1.800)
(9  5 20.25 3.708 9.595 1.400)
(9  5 24.75 3.701 9.595 1.145)
(9  5 29.25 3.692 9.595 0.969)
(9  5 33.75 3.692 9.595 0.840)
(9  5 38.25 3.696 9.595 0.741)
(9  5 42.75 3.729 9.595 0.663)
(9  5 47.25 3.779 9.595 0.600)
(9  5 51.75 3.879 9.595 0.548)
(9  5 56.25 4.014 9.595 0.504)
(9  5 60.75 4.187 9.595 0.467)
(9  6 2.25 4.477 13.816 21.768)
(9  6 6.75 4.476 13.816 7.256)
(9  6 11.25 4.474 13.816 4.354)
(9  6 15.75 4.468 13.816 3.110)
(9  6 20.25 4.465 13.816 2.419)
(9  6 24.75 4.457 13.816 1.979)
(9  6 29.25 4.446 13.816 1.674)
(9  6 33.75 4.448 13.816 1.451)
(9  6 38.25 4.454 13.816 1.280)
(9  6 42.75 4.495 13.816 1.146)
(9  6 47.25 4.557 13.816 1.037)
(9  6 51.75 4.677 13.816 0.946)
(9  6 56.25 4.838 13.816 0.871)
(9  6 60.75 5.043 13.816 0.806)
(9  7 2.25 5.245 18.806 34.567)
(9  7 6.75 5.244 18.806 11.522)
(9  7 11.25 5.240 18.806 6.913)
(9  7 15.75 5.234 18.806 4.938)
(9  7 20.25 5.229 18.806 3.841)
(9  7 24.75 5.220 18.806 3.142)
(9  7 29.25 5.207 18.806 2.659)
(9  7 33.75 5.211 18.806 2.304)
(9  7 38.25 5.222 18.806 2.033)
(9  7 42.75 5.271 18.806 1.819)
(9  7 47.25 5.346 18.806 1.646)
(9  7 51.75 5.485 18.806 1.503)
(9  7 56.25 5.671 18.806 1.383)
(9  7 60.75 5.907 18.806 1.280)
(9  8 2.25 6.021 24.562 51.599)
(9  8 6.75 6.019 24.562 17.200)
(9  8 11.25 6.015 24.562 10.320)
(9  8 15.75 6.006 24.562 7.371)
(9  8 20.25 6.000 24.562 5.733)
(9  8 24.75 5.989 24.562 4.691)
(9  8 29.25 5.976 24.562 3.969)
(9  8 33.75 5.982 24.562 3.440)
(9  8 38.25 5.997 24.562 3.035)
(9  8 42.75 6.057 24.562 2.716)
(9  8 47.25 6.144 24.562 2.457)
(9  8 51.75 6.303 24.562 2.243)
(9  8 56.25 6.512 24.562 2.064)
(9  8 60.75 6.777 24.562 1.911)
(9  9 2.25 6.805 31.087 73.468)
(9  9 6.75 6.804 31.087 24.489)
(9  9 11.25 6.797 31.087 14.694)
(9  9 15.75 6.787 31.087 10.495)
(9  9 20.25 6.779 31.087 8.163)
(9  9 24.75 6.767 31.087 6.679)
(9  9 29.25 6.752 31.087 5.651)
(9  9 33.75 6.761 31.087 4.898)
(9  9 38.25 6.782 31.087 4.322)
(9  9 42.75 6.850 31.087 3.867)
(9  9 47.25 6.949 31.087 3.498)
(9  9 51.75 7.128 31.087 3.194)
(9  9 56.25 7.360 31.087 2.939)
(9  9 60.75 7.654 31.087 2.721)
(9  10 2.25 7.600 38.379 100.779)
(9  10 6.75 7.597 38.379 33.593)
(9  10 11.25 7.589 38.379 20.156)
(9  10 15.75 7.576 38.379 14.397)
(9  10 20.25 7.566 38.379 11.198)
(9  10 24.75 7.552 38.379 9.162)
(9  10 29.25 7.536 38.379 7.752)
(9  10 33.75 7.548 38.379 6.719)
(9  10 38.25 7.573 38.379 5.928)
(9  10 42.75 7.651 38.379 5.304)
(9  10 47.25 7.762 38.379 4.799)
(9  10 51.75 7.959 38.379 4.382)
(9  10 56.25 8.213 38.379 4.031)
(9  10 60.75 8.535 38.379 3.733)
(9  11 2.25 8.404 46.438 134.137)
(9  11 6.75 8.400 46.438 44.712)
(9  11 11.25 8.390 46.438 26.827)
(9  11 15.75 8.374 46.438 19.162)
(9  11 20.25 8.361 46.438 14.904)
(9  11 24.75 8.345 46.438 12.194)
(9  11 29.25 8.327 46.438 10.318)
(9  11 33.75 8.341 46.438 8.942)
(9  11 38.25 8.371 46.438 7.890)
(9  11 42.75 8.458 46.438 7.060)
(9  11 47.25 8.580 46.438 6.387)
(9  11 51.75 8.795 46.438 5.832)
(9  11 56.25 9.071 46.438 5.365)
(9  11 60.75 9.420 46.438 4.968)
(9  12 2.25 9.218 55.265 174.146)
(9  12 6.75 9.213 55.265 58.049)
(9  12 11.25 9.200 55.265 34.829)
(9  12 15.75 9.181 55.266 24.878)
(9  12 20.25 9.164 55.265 19.350)
(9  12 24.75 9.145 55.265 15.831)
(9  12 29.25 9.125 55.265 13.396)
(9  12 33.75 9.141 55.265 11.610)
(9  12 38.25 9.174 55.265 10.244)
(9  12 42.75 9.270 55.265 9.166)
(9  12 47.25 9.403 55.265 8.293)
(9  12 51.75 9.635 55.265 7.572)
(9  12 56.25 9.933 55.265 6.966)
(9  12 60.75 10.309 55.265 6.450)
(9  13 2.25 10.041 64.860 221.411)
(9  13 6.75 10.035 64.860 73.804)
(9  13 11.25 10.018 64.860 44.282)
(9  13 15.75 9.996 64.860 31.630)
(9  13 20.25 9.975 64.860 24.601)
(9  13 24.75 9.952 64.860 20.128)
(9  13 29.25 9.929 64.860 17.032)
(9  13 33.75 9.946 64.860 14.761)
(9  13 38.25 9.982 64.860 13.024)
(9  13 42.75 10.086 64.860 11.653)
(9  13 47.25 10.230 64.860 10.543)
(9  13 51.75 10.479 64.860 9.627)
(9  13 56.25 10.798 64.860 8.856)
(9  13 60.75 11.200 64.860 8.200)
(9  14 2.25 10.873 75.222 276.538)
(9  14 6.75 10.865 75.222 92.179)
(9  14 11.25 10.845 75.222 55.308)
(9  14 15.75 10.817 75.222 39.505)
(9  14 20.25 10.792 75.222 30.726)
(9  14 24.75 10.765 75.222 25.140)
(9  14 29.25 10.739 75.222 21.272)
(9  14 33.75 10.756 75.222 18.436)
(9  14 38.25 10.794 75.222 16.267)
(9  14 42.75 10.905 75.222 14.555)
(9  14 47.25 11.059 75.222 13.168)
(9  14 51.75 11.325 75.222 12.023)
(9  14 56.25 11.665 75.222 11.062)
(9  14 60.75 12.093 75.222 10.242)
(10  4 2.25 2.967 6.117 5.799)
(10  4 6.75 2.967 6.117 1.933)
(10  4 11.25 2.966 6.117 1.160)
(10  4 15.75 2.963 6.117 0.828)
(10  4 20.25 2.962 6.117 0.644)
(10  4 24.75 2.957 6.117 0.527)
(10  4 29.25 2.949 6.117 0.446)
(10  4 33.75 2.950 6.117 0.387)
(10  4 38.25 2.952 6.117 0.341)
(10  4 42.75 2.977 6.117 0.305)
(10  4 47.25 3.016 6.117 0.276)
(10  4 51.75 3.095 6.117 0.252)
(10  4 56.25 3.204 6.117 0.232)
(10  4 60.75 3.343 6.117 0.215)
(10  5 2.25 3.720 9.558 11.326)
(10  5 6.75 3.720 9.558 3.775)
(10  5 11.25 3.718 9.558 2.265)
(10  5 15.75 3.715 9.558 1.618)
(10  5 20.25 3.713 9.558 1.258)
(10  5 24.75 3.707 9.558 1.030)
(10  5 29.25 3.697 9.558 0.871)
(10  5 33.75 3.698 9.558 0.755)
(10  5 38.25 3.702 9.558 0.666)
(10  5 42.75 3.735 9.558 0.596)
(10  5 47.25 3.785 9.558 0.539)
(10  5 51.75 3.884 9.558 0.492)
(10  5 56.25 4.019 9.558 0.453)
(10  5 60.75 4.192 9.558 0.419)
(10  6 2.25 4.480 13.763 19.571)
(10  6 6.75 4.480 13.763 6.524)
(10  6 11.25 4.478 13.763 3.914)
(10  6 15.75 4.473 13.763 2.796)
(10  6 20.25 4.470 13.763 2.175)
(10  6 24.75 4.463 13.763 1.779)
(10  6 29.25 4.452 13.763 1.505)
(10  6 33.75 4.454 13.763 1.305)
(10  6 38.25 4.461 13.763 1.151)
(10  6 42.75 4.502 13.763 1.030)
(10  6 47.25 4.564 13.763 0.932)
(10  6 51.75 4.683 13.763 0.851)
(10  6 56.25 4.844 13.763 0.783)
(10  6 60.75 5.048 13.763 0.725)
(10  7 2.25 5.247 18.733 31.078)
(10  7 6.75 5.246 18.733 10.359)
(10  7 11.25 5.243 18.733 6.216)
(10  7 15.75 5.237 18.733 4.440)
(10  7 20.25 5.234 18.733 3.453)
(10  7 24.75 5.225 18.733 2.825)
(10  7 29.25 5.213 18.733 2.391)
(10  7 33.75 5.218 18.733 2.072)
(10  7 38.25 5.229 18.733 1.828)
(10  7 42.75 5.279 18.733 1.636)
(10  7 47.25 5.353 18.733 1.480)
(10  7 51.75 5.492 18.733 1.351)
(10  7 56.25 5.677 18.733 1.243)
(10  7 60.75 5.912 18.733 1.151)
(10  8 2.25 6.021 24.468 46.390)
(10  8 6.75 6.020 24.468 15.463)
(10  8 11.25 6.016 24.468 9.278)
(10  8 15.75 6.009 24.468 6.627)
(10  8 20.25 6.004 24.468 5.154)
(10  8 24.75 5.995 24.468 4.217)
(10  8 29.25 5.982 24.468 3.568)
(10  8 33.75 5.989 24.468 3.093)
(10  8 38.25 6.005 24.468 2.729)
(10  8 42.75 6.065 24.468 2.442)
(10  8 47.25 6.152 24.468 2.209)
(10  8 51.75 6.310 24.468 2.017)
(10  8 56.25 6.519 24.468 1.856)
(10  8 60.75 6.783 24.468 1.718)
(10  9 2.25 6.803 30.968 66.052)
(10  9 6.75 6.801 30.968 22.017)
(10  9 11.25 6.796 30.968 13.210)
(10  9 15.75 6.788 30.967 9.436)
(10  9 20.25 6.781 30.968 7.339)
(10  9 24.75 6.771 30.968 6.005)
(10  9 29.25 6.758 30.968 5.081)
(10  9 33.75 6.769 30.967 4.403)
(10  9 38.25 6.790 30.967 3.885)
(10  9 42.75 6.859 30.968 3.476)
(10  9 47.25 6.958 30.968 3.145)
(10  9 51.75 7.136 30.968 2.872)
(10  9 56.25 7.368 30.967 2.642)
(10  9 60.75 7.661 30.968 2.446)
(10  10 2.25 7.594 38.231 90.606)
(10  10 6.75 7.592 38.232 30.202)
(10  10 11.25 7.585 38.232 18.121)
(10  10 15.75 7.575 38.232 12.944)
(10  10 20.25 7.567 38.231 10.067)
(10  10 24.75 7.555 38.231 8.237)
(10  10 29.25 7.542 38.232 6.970)
(10  10 33.75 7.555 38.231 6.040)
(10  10 38.25 7.582 38.231 5.330)
(10  10 42.75 7.661 38.232 4.769)
(10  10 47.25 7.772 38.231 4.315)
(10  10 51.75 7.968 38.231 3.939)
(10  10 56.25 8.222 38.232 3.624)
(10  10 60.75 8.543 38.231 3.356)
(10  11 2.25 8.394 46.260 120.596)
(10  11 6.75 8.392 46.260 40.199)
(10  11 11.25 8.383 46.260 24.119)
(10  11 15.75 8.371 46.260 17.228)
(10  11 20.25 8.360 46.260 13.400)
(10  11 24.75 8.347 46.260 10.963)
(10  11 29.25 8.333 46.260 9.277)
(10  11 33.75 8.349 46.260 8.040)
(10  11 38.25 8.380 46.260 7.094)
(10  11 42.75 8.468 46.260 6.347)
(10  11 47.25 8.591 46.260 5.743)
(10  11 51.75 8.805 46.260 5.243)
(10  11 56.25 9.081 46.260 4.824)
(10  11 60.75 9.428 46.260 4.467)
(10  12 2.25 9.205 55.053 156.567)
(10  12 6.75 9.201 55.053 52.189)
(10  12 11.25 9.190 55.053 31.313)
(10  12 15.75 9.175 55.053 22.367)
(10  12 20.25 9.161 55.053 17.396)
(10  12 24.75 9.146 55.053 14.233)
(10  12 29.25 9.130 55.053 12.044)
(10  12 33.75 9.148 55.053 10.438)
(10  12 38.25 9.184 55.053 9.210)
(10  12 42.75 9.281 55.053 8.240)
(10  12 47.25 9.415 55.053 7.456)
(10  12 51.75 9.646 55.053 6.807)
(10  12 56.25 9.943 55.053 6.263)
(10  12 60.75 10.317 55.053 5.799)
(10  13 2.25 10.024 64.611 199.060)
(10  13 6.75 10.019 64.612 66.353)
(10  13 11.25 10.005 64.611 39.812)
(10  13 15.75 9.987 64.611 28.437)
(10  13 20.25 9.970 64.611 22.118)
(10  13 24.75 9.952 64.611 18.096)
(10  13 29.25 9.934 64.611 15.312)
(10  13 33.75 9.953 64.611 13.271)
(10  13 38.25 9.992 64.611 11.709)
(10  13 42.75 10.097 64.611 10.477)
(10  13 47.25 10.242 64.611 9.479)
(10  13 51.75 10.491 64.611 8.655)
(10  13 56.25 10.808 64.611 7.962)
(10  13 60.75 11.209 64.611 7.373)
(10  14 2.25 10.851 74.934 248.621)
(10  14 6.75 10.845 74.933 82.874)
(10  14 11.25 10.828 74.934 49.724)
(10  14 15.75 10.806 74.934 35.517)
(10  14 20.25 10.785 74.934 27.625)
(10  14 24.75 10.764 74.934 22.602)
(10  14 29.25 10.742 74.934 19.125)
(10  14 33.75 10.763 74.934 16.575)
(10  14 38.25 10.805 74.934 14.625)
(10  14 42.75 10.917 74.934 13.085)
(10  14 47.25 11.072 74.934 11.839)
(10  14 51.75 11.338 74.934 10.810)
(10  14 56.25 11.676 74.934 9.945)
(10  14 60.75 12.103 74.934 9.208)
(11  4 2.25 2.999 5.969 5.226)
(11  4 6.75 2.999 5.969 1.742)
(11  4 11.25 2.998 5.969 1.045)
(11  4 15.75 2.995 5.969 0.747)
(11  4 20.25 2.994 5.969 0.581)
(11  4 24.75 2.989 5.969 0.475)
(11  4 29.25 2.982 5.969 0.402)
(11  4 33.75 2.982 5.969 0.348)
(11  4 38.25 2.984 5.969 0.307)
(11  4 42.75 3.009 5.969 0.275)
(11  4 47.25 3.047 5.969 0.249)
(11  4 51.75 3.124 5.969 0.227)
(11  4 56.25 3.230 5.969 0.209)
(11  4 60.75 3.365 5.969 0.194)
(11  5 2.25 3.758 9.326 10.207)
(11  5 6.75 3.758 9.326 3.402)
(11  5 11.25 3.757 9.326 2.041)
(11  5 15.75 3.753 9.326 1.458)
(11  5 20.25 3.752 9.326 1.134)
(11  5 24.75 3.746 9.326 0.928)
(11  5 29.25 3.737 9.326 0.785)
(11  5 33.75 3.738 9.326 0.680)
(11  5 38.25 3.742 9.326 0.600)
(11  5 42.75 3.774 9.326 0.537)
(11  5 47.25 3.822 9.326 0.486)
(11  5 51.75 3.919 9.326 0.444)
(11  5 56.25 4.051 9.326 0.408)
(11  5 60.75 4.218 9.326 0.378)
(11  6 2.25 4.524 13.429 17.638)
(11  6 6.75 4.524 13.429 5.879)
(11  6 11.25 4.522 13.429 3.528)
(11  6 15.75 4.517 13.429 2.520)
(11  6 20.25 4.515 13.429 1.960)
(11  6 24.75 4.508 13.429 1.603)
(11  6 29.25 4.498 13.429 1.357)
(11  6 33.75 4.501 13.429 1.176)
(11  6 38.25 4.508 13.429 1.038)
(11  6 42.75 4.547 13.429 0.928)
(11  6 47.25 4.608 13.429 0.840)
(11  6 51.75 4.724 13.429 0.767)
(11  6 56.25 4.880 13.429 0.706)
(11  6 60.75 5.079 13.429 0.653)
(11  7 2.25 5.295 18.279 28.008)
(11  7 6.75 5.295 18.279 9.336)
(11  7 11.25 5.293 18.279 5.602)
(11  7 15.75 5.287 18.279 4.001)
(11  7 20.25 5.284 18.279 3.112)
(11  7 24.75 5.277 18.279 2.546)
(11  7 29.25 5.266 18.279 2.154)
(11  7 33.75 5.271 18.279 1.867)
(11  7 38.25 5.282 18.279 1.648)
(11  7 42.75 5.331 18.279 1.474)
(11  7 47.25 5.403 18.279 1.334)
(11  7 51.75 5.539 18.279 1.218)
(11  7 56.25 5.718 18.279 1.120)
(11  7 60.75 5.947 18.279 1.037)
(11  8 2.25 6.073 23.874 41.808)
(11  8 6.75 6.073 23.874 13.936)
(11  8 11.25 6.070 23.874 8.362)
(11  8 15.75 6.064 23.874 5.973)
(11  8 20.25 6.060 23.874 4.645)
(11  8 24.75 6.052 23.874 3.801)
(11  8 29.25 6.040 23.874 3.216)
(11  8 33.75 6.048 23.874 2.787)
(11  8 38.25 6.064 23.874 2.459)
(11  8 42.75 6.123 23.874 2.200)
(11  8 47.25 6.207 23.874 1.991)
(11  8 51.75 6.362 23.874 1.818)
(11  8 56.25 6.565 23.874 1.672)
(11  8 60.75 6.822 23.874 1.548)
(11  9 2.25 6.859 30.216 59.528)
(11  9 6.75 6.858 30.216 19.843)
(11  9 11.25 6.854 30.216 11.906)
(11  9 15.75 6.847 30.216 8.504)
(11  9 20.25 6.842 30.216 6.614)
(11  9 24.75 6.833 30.216 5.412)
(11  9 29.25 6.822 30.216 4.579)
(11  9 33.75 6.833 30.216 3.969)
(11  9 38.25 6.854 30.216 3.502)
(11  9 42.75 6.923 30.216 3.133)
(11  9 47.25 7.019 30.216 2.835)
(11  9 51.75 7.193 30.216 2.588)
(11  9 56.25 7.418 30.216 2.381)
(11  9 60.75 7.703 30.216 2.205)
(11  10 2.25 7.653 37.304 81.657)
(11  10 6.75 7.652 37.304 27.219)
(11  10 11.25 7.646 37.304 16.331)
(11  10 15.75 7.638 37.304 11.665)
(11  10 20.25 7.631 37.304 9.073)
(11  10 24.75 7.622 37.304 7.423)
(11  10 29.25 7.610 37.304 6.281)
(11  10 33.75 7.625 37.304 5.444)
(11  10 38.25 7.652 37.304 4.803)
(11  10 42.75 7.729 37.304 4.298)
(11  10 47.25 7.838 37.304 3.888)
(11  10 51.75 8.030 37.304 3.550)
(11  10 56.25 8.276 37.304 3.266)
(11  10 60.75 8.588 37.304 3.024)
(11  11 2.25 8.456 45.138 108.685)
(11  11 6.75 8.454 45.138 36.228)
(11  11 11.25 8.447 45.138 21.737)
(11  11 15.75 8.437 45.138 15.526)
(11  11 20.25 8.429 45.138 12.076)
(11  11 24.75 8.418 45.138 9.880)
(11  11 29.25 8.406 45.138 8.360)
(11  11 33.75 8.424 45.138 7.246)
(11  11 38.25 8.456 45.138 6.393)
(11  11 42.75 8.542 45.138 5.720)
(11  11 47.25 8.663 45.138 5.175)
(11  11 51.75 8.872 45.138 4.725)
(11  11 56.25 9.139 45.138 4.347)
(11  11 60.75 9.478 45.138 4.025)
(11  12 2.25 9.268 53.717 141.103)
(11  12 6.75 9.265 53.717 47.034)
(11  12 11.25 9.256 53.717 28.221)
(11  12 15.75 9.244 53.717 20.158)
(11  12 20.25 9.234 53.718 15.678)
(11  12 24.75 9.222 53.718 12.828)
(11  12 29.25 9.208 53.718 10.854)
(11  12 33.75 9.228 53.717 9.407)
(11  12 38.25 9.265 53.717 8.300)
(11  12 42.75 9.360 53.717 7.426)
(11  12 47.25 9.492 53.717 6.719)
(11  12 51.75 9.718 53.717 6.135)
(11  12 56.25 10.006 53.718 5.644)
(11  12 60.75 10.370 53.717 5.226)
(11  13 2.25 10.088 63.043 179.400)
(11  13 6.75 10.085 63.043 59.800)
(11  13 11.25 10.074 63.043 35.880)
(11  13 15.75 10.059 63.043 25.629)
(11  13 20.25 10.046 63.043 19.933)
(11  13 24.75 10.031 63.043 16.309)
(11  13 29.25 10.017 63.043 13.800)
(11  13 33.75 10.038 63.043 11.960)
(11  13 38.25 10.079 63.043 10.553)
(11  13 42.75 10.182 63.043 9.442)
(11  13 47.25 10.324 63.043 8.543)
(11  13 51.75 10.567 63.043 7.800)
(11  13 56.25 10.876 63.043 7.176)
(11  13 60.75 11.266 63.043 6.644)
(11  14 2.25 10.917 73.116 224.065)
(11  14 6.75 10.912 73.115 74.688)
(11  14 11.25 10.899 73.115 44.813)
(11  14 15.75 10.880 73.115 32.009)
(11  14 20.25 10.864 73.115 24.896)
(11  14 24.75 10.847 73.115 20.370)
(11  14 29.25 10.830 73.115 17.236)
(11  14 33.75 10.853 73.115 14.938)
(11  14 38.25 10.897 73.115 13.180)
(11  14 42.75 11.008 73.115 11.793)
(11  14 47.25 11.160 73.115 10.670)
(11  14 51.75 11.419 73.115 9.742)
(11  14 56.25 11.748 73.115 8.963)
(11  14 60.75 12.163 73.115 8.299)
(12  4 2.25 3.334 4.262 4.178)
(12  4 6.75 3.334 4.262 1.393)
(12  4 11.25 3.333 4.262 0.836)
(12  4 15.75 3.331 4.262 0.597)
(12  4 20.25 3.331 4.262 0.464)
(12  4 24.75 3.328 4.262 0.380)
(12  4 29.25 3.323 4.262 0.321)
(12  4 33.75 3.323 4.262 0.279)
(12  4 38.25 3.324 4.262 0.246)
(12  4 42.75 3.341 4.262 0.220)
(12  4 47.25 3.367 4.262 0.199)
(12  4 51.75 3.420 4.262 0.182)
(12  4 56.25 3.493 4.262 0.167)
(12  4 60.75 3.586 4.262 0.155)
(12  5 2.25 4.172 6.660 8.159)
(12  5 6.75 4.172 6.660 2.720)
(12  5 11.25 4.171 6.660 1.632)
(12  5 15.75 4.169 6.660 1.166)
(12  5 20.25 4.168 6.660 0.907)
(12  5 24.75 4.164 6.660 0.742)
(12  5 29.25 4.158 6.660 0.628)
(12  5 33.75 4.158 6.660 0.544)
(12  5 38.25 4.161 6.660 0.480)
(12  5 42.75 4.183 6.660 0.429)
(12  5 47.25 4.216 6.660 0.389)
(12  5 51.75 4.283 6.660 0.355)
(12  5 56.25 4.373 6.660 0.326)
(12  5 60.75 4.489 6.660 0.302)
(12  6 2.25 5.013 9.590 14.099)
(12  6 6.75 5.013 9.590 4.700)
(12  6 11.25 5.012 9.590 2.820)
(12  6 15.75 5.009 9.590 2.014)
(12  6 20.25 5.008 9.590 1.567)
(12  6 24.75 5.003 9.590 1.282)
(12  6 29.25 4.996 9.590 1.085)
(12  6 33.75 4.998 9.590 0.940)
(12  6 38.25 5.003 9.590 0.829)
(12  6 42.75 5.030 9.590 0.742)
(12  6 47.25 5.072 9.590 0.671)
(12  6 51.75 5.152 9.590 0.613)
(12  6 56.25 5.260 9.590 0.564)
(12  6 60.75 5.397 9.590 0.522)
(12  7 2.25 5.858 13.053 22.389)
(12  7 6.75 5.858 13.053 7.463)
(12  7 11.25 5.856 13.053 4.478)
(12  7 15.75 5.852 13.053 3.198)
(12  7 20.25 5.850 13.053 2.488)
(12  7 24.75 5.846 13.053 2.035)
(12  7 29.25 5.838 13.053 1.722)
(12  7 33.75 5.842 13.053 1.493)
(12  7 38.25 5.850 13.053 1.317)
(12  7 42.75 5.884 13.053 1.178)
(12  7 47.25 5.934 13.053 1.066)
(12  7 51.75 6.028 13.053 0.973)
(12  7 56.25 6.152 13.053 0.896)
(12  7 60.75 6.309 13.053 0.829)
(12  8 2.25 6.706 17.049 33.421)
(12  8 6.75 6.706 17.049 11.140)
(12  8 11.25 6.704 17.049 6.684)
(12  8 15.75 6.700 17.049 4.774)
(12  8 20.25 6.697 17.049 3.713)
(12  8 24.75 6.692 17.049 3.038)
(12  8 29.25 6.685 17.049 2.571)
(12  8 33.75 6.691 17.049 2.228)
(12  8 38.25 6.703 17.049 1.966)
(12  8 42.75 6.744 17.049 1.759)
(12  8 47.25 6.803 17.049 1.591)
(12  8 51.75 6.910 17.049 1.453)
(12  8 56.25 7.049 17.049 1.337)
(12  8 60.75 7.227 17.049 1.238)
(12  9 2.25 7.559 21.577 47.586)
(12  9 6.75 7.559 21.577 15.862)
(12  9 11.25 7.556 21.577 9.517)
(12  9 15.75 7.551 21.577 6.798)
(12  9 20.25 7.548 21.577 5.287)
(12  9 24.75 7.543 21.577 4.326)
(12  9 29.25 7.536 21.577 3.660)
(12  9 33.75 7.545 21.577 3.172)
(12  9 38.25 7.561 21.577 2.799)
(12  9 42.75 7.610 21.577 2.505)
(12  9 47.25 7.677 21.577 2.266)
(12  9 51.75 7.797 21.577 2.069)
(12  9 56.25 7.952 21.577 1.903)
(12  9 60.75 8.148 21.577 1.762)
(12  10 2.25 8.419 26.639 65.275)
(12  10 6.75 8.418 26.639 21.758)
(12  10 11.25 8.414 26.639 13.055)
(12  10 15.75 8.409 26.638 9.325)
(12  10 20.25 8.405 26.638 7.253)
(12  10 24.75 8.400 26.639 5.934)
(12  10 29.25 8.393 26.638 5.021)
(12  10 33.75 8.405 26.639 4.352)
(12  10 38.25 8.426 26.638 3.840)
(12  10 42.75 8.481 26.638 3.436)
(12  10 47.25 8.557 26.639 3.108)
(12  10 51.75 8.690 26.638 2.838)
(12  10 56.25 8.859 26.639 2.611)
(12  10 60.75 9.073 26.638 2.418)
(12  11 2.25 9.285 32.232 86.882)
(12  11 6.75 9.284 32.233 28.961)
(12  11 11.25 9.279 32.233 17.376)
(12  11 15.75 9.273 32.233 12.412)
(12  11 20.25 9.268 32.233 9.654)
(12  11 24.75 9.262 32.233 7.898)
(12  11 29.25 9.256 32.233 6.683)
(12  11 33.75 9.271 32.233 5.792)
(12  11 38.25 9.295 32.233 5.111)
(12  11 42.75 9.357 32.233 4.573)
(12  11 47.25 9.442 32.233 4.137)
(12  11 51.75 9.587 32.233 3.777)
(12  11 56.25 9.771 32.233 3.475)
(12  11 60.75 10.002 32.233 3.218)
(12  12 2.25 10.158 38.359 112.796)
(12  12 6.75 10.156 38.359 37.599)
(12  12 11.25 10.151 38.359 22.559)
(12  12 15.75 10.143 38.359 16.114)
(12  12 20.25 10.137 38.360 12.533)
(12  12 24.75 10.131 38.359 10.254)
(12  12 29.25 10.124 38.359 8.677)
(12  12 33.75 10.141 38.359 7.520)
(12  12 38.25 10.170 38.359 6.635)
(12  12 42.75 10.238 38.359 5.937)
(12  12 47.25 10.331 38.359 5.371)
(12  12 51.75 10.487 38.359 4.904)
(12  12 56.25 10.686 38.359 4.512)
(12  12 60.75 10.934 38.359 4.178)
(12  13 2.25 11.037 45.019 143.410)
(12  13 6.75 11.036 45.019 47.803)
(12  13 11.25 11.029 45.019 28.682)
(12  13 15.75 11.019 45.019 20.487)
(12  13 20.25 11.012 45.019 15.934)
(12  13 24.75 11.005 45.019 13.037)
(12  13 29.25 10.998 45.019 11.032)
(12  13 33.75 11.017 45.019 9.561)
(12  13 38.25 11.049 45.019 8.436)
(12  13 42.75 11.123 45.019 7.548)
(12  13 47.25 11.223 45.019 6.829)
(12  13 51.75 11.392 45.019 6.235)
(12  13 56.25 11.603 45.019 5.736)
(12  13 60.75 11.868 45.019 5.311)
(12  14 2.25 11.924 52.211 179.116)
(12  14 6.75 11.921 52.211 59.705)
(12  14 11.25 11.913 52.211 35.823)
(12  14 15.75 11.902 52.211 25.588)
(12  14 20.25 11.892 52.211 19.902)
(12  14 24.75 11.884 52.211 16.283)
(12  14 29.25 11.876 52.211 13.778)
(12  14 33.75 11.897 52.211 11.941)
(12  14 38.25 11.932 52.211 10.536)
(12  14 42.75 12.012 52.211 9.427)
(12  14 47.25 12.119 52.211 8.529)
(12  14 51.75 12.299 52.211 7.788)
(12  14 56.25 12.524 52.211 7.165)
(12  14 60.75 12.805 52.211 6.634)
(13  4 2.25 3.528 3.137 3.287)
(13  4 6.75 3.528 3.137 1.096)
(13  4 11.25 3.528 3.137 0.657)
(13  4 15.75 3.526 3.137 0.470)
(13  4 20.25 3.526 3.137 0.365)
(13  4 24.75 3.524 3.137 0.299)
(13  4 29.25 3.520 3.137 0.253)
(13  4 33.75 3.520 3.137 0.219)
(13  4 38.25 3.521 3.137 0.193)
(13  4 42.75 3.533 3.137 0.173)
(13  4 47.25 3.551 3.137 0.157)
(13  4 51.75 3.590 3.137 0.143)
(13  4 56.25 3.643 3.137 0.131)
(13  4 60.75 3.710 3.137 0.122)
(13  5 2.25 4.413 4.902 6.419)
(13  5 6.75 4.413 4.902 2.140)
(13  5 11.25 4.412 4.902 1.284)
(13  5 15.75 4.411 4.902 0.917)
(13  5 20.25 4.410 4.902 0.713)
(13  5 24.75 4.407 4.902 0.584)
(13  5 29.25 4.403 4.902 0.494)
(13  5 33.75 4.403 4.902 0.428)
(13  5 38.25 4.405 4.902 0.378)
(13  5 42.75 4.421 4.902 0.338)
(13  5 47.25 4.445 4.902 0.306)
(13  5 51.75 4.493 4.902 0.279)
(13  5 56.25 4.559 4.902 0.257)
(13  5 60.75 4.642 4.902 0.238)
(13  6 2.25 5.300 7.059 11.093)
(13  6 6.75 5.299 7.059 3.698)
(13  6 11.25 5.299 7.059 2.219)
(13  6 15.75 5.296 7.059 1.585)
(13  6 20.25 5.295 7.059 1.233)
(13  6 24.75 5.292 7.059 1.008)
(13  6 29.25 5.288 7.059 0.853)
(13  6 33.75 5.289 7.059 0.740)
(13  6 38.25 5.293 7.059 0.653)
(13  6 42.75 5.313 7.059 0.584)
(13  6 47.25 5.343 7.059 0.528)
(13  6 51.75 5.401 7.059 0.482)
(13  6 56.25 5.479 7.059 0.444)
(13  6 60.75 5.578 7.059 0.411)
(13  7 2.25 6.188 9.608 17.615)
(13  7 6.75 6.188 9.608 5.872)
(13  7 11.25 6.187 9.608 3.523)
(13  7 15.75 6.184 9.608 2.516)
(13  7 20.25 6.183 9.608 1.957)
(13  7 24.75 6.180 9.608 1.601)
(13  7 29.25 6.175 9.608 1.355)
(13  7 33.75 6.178 9.608 1.174)
(13  7 38.25 6.185 9.608 1.036)
(13  7 42.75 6.210 9.608 0.927)
(13  7 47.25 6.246 9.608 0.839)
(13  7 51.75 6.314 9.608 0.766)
(13  7 56.25 6.403 9.608 0.705)
(13  7 60.75 6.517 9.608 0.652)
(13  8 2.25 7.079 12.549 26.294)
(13  8 6.75 7.079 12.549 8.765)
(13  8 11.25 7.078 12.549 5.259)
(13  8 15.75 7.075 12.549 3.756)
(13  8 20.25 7.073 12.549 2.922)
(13  8 24.75 7.070 12.549 2.390)
(13  8 29.25 7.066 12.549 2.023)
(13  8 33.75 7.071 12.549 1.753)
(13  8 38.25 7.081 12.549 1.547)
(13  8 42.75 7.111 12.549 1.384)
(13  8 47.25 7.154 12.549 1.252)
(13  8 51.75 7.232 12.549 1.143)
(13  8 56.25 7.332 12.549 1.052)
(13  8 60.75 7.460 12.549 0.974)
(13  9 2.25 7.974 15.883 37.438)
(13  9 6.75 7.974 15.883 12.479)
(13  9 11.25 7.972 15.883 7.488)
(13  9 15.75 7.969 15.883 5.348)
(13  9 20.25 7.967 15.883 4.160)
(13  9 24.75 7.964 15.883 3.403)
(13  9 29.25 7.961 15.883 2.880)
(13  9 33.75 7.968 15.883 2.496)
(13  9 38.25 7.982 15.883 2.202)
(13  9 42.75 8.018 15.883 1.970)
(13  9 47.25 8.067 15.883 1.783)
(13  9 51.75 8.154 15.883 1.628)
(13  9 56.25 8.266 15.883 1.498)
(13  9 60.75 8.406 15.883 1.387)
(13  10 2.25 8.873 19.608 51.356)
(13  10 6.75 8.873 19.608 17.119)
(13  10 11.25 8.871 19.608 10.271)
(13  10 15.75 8.867 19.608 7.337)
(13  10 20.25 8.865 19.608 5.706)
(13  10 24.75 8.863 19.608 4.669)
(13  10 29.25 8.860 19.608 3.950)
(13  10 33.75 8.870 19.608 3.424)
(13  10 38.25 8.887 19.608 3.021)
(13  10 42.75 8.929 19.608 2.703)
(13  10 47.25 8.985 19.608 2.446)
(13  10 51.75 9.081 19.608 2.233)
(13  10 56.25 9.203 19.608 2.054)
(13  10 60.75 9.355 19.608 1.902)
(13  11 2.25 9.778 23.726 68.355)
(13  11 6.75 9.777 23.726 22.785)
(13  11 11.25 9.774 23.726 13.671)
(13  11 15.75 9.771 23.726 9.765)
(13  11 20.25 9.769 23.726 7.595)
(13  11 24.75 9.766 23.726 6.214)
(13  11 29.25 9.764 23.726 5.258)
(13  11 33.75 9.777 23.726 4.557)
(13  11 38.25 9.798 23.726 4.021)
(13  11 42.75 9.845 23.726 3.598)
(13  11 47.25 9.907 23.726 3.255)
(13  11 51.75 10.012 23.726 2.972)
(13  11 56.25 10.144 23.726 2.734)
(13  11 60.75 10.308 23.726 2.532)
(13  12 2.25 10.688 28.236 88.743)
(13  12 6.75 10.687 28.236 29.581)
(13  12 11.25 10.684 28.236 17.749)
(13  12 15.75 10.680 28.236 12.678)
(13  12 20.25 10.677 28.236 9.860)
(13  12 24.75 10.675 28.236 8.068)
(13  12 29.25 10.673 28.236 6.826)
(13  12 33.75 10.689 28.236 5.916)
(13  12 38.25 10.713 28.236 5.220)
(13  12 42.75 10.765 28.236 4.671)
(13  12 47.25 10.834 28.236 4.226)
(13  12 51.75 10.947 28.236 3.858)
(13  12 56.25 11.088 28.236 3.550)
(13  12 60.75 11.263 28.236 3.287)
(13  13 2.25 11.604 33.138 112.829)
(13  13 6.75 11.604 33.138 37.610)
(13  13 11.25 11.599 33.138 22.566)
(13  13 15.75 11.595 33.138 16.118)
(13  13 20.25 11.591 33.138 12.537)
(13  13 24.75 11.589 33.138 10.257)
(13  13 29.25 11.588 33.138 8.679)
(13  13 33.75 11.605 33.138 7.522)
(13  13 38.25 11.632 33.138 6.637)
(13  13 42.75 11.689 33.138 5.938)
(13  13 47.25 11.764 33.138 5.373)
(13  13 51.75 11.885 33.138 4.906)
(13  13 56.25 12.036 33.138 4.513)
(13  13 60.75 12.222 33.138 4.179)
(13  14 2.25 12.526 38.432 140.920)
(13  14 6.75 12.525 38.432 46.973)
(13  14 11.25 12.520 38.432 28.184)
(13  14 15.75 12.514 38.433 20.131)
(13  14 20.25 12.510 38.432 15.658)
(13  14 24.75 12.507 38.433 12.811)
(13  14 29.25 12.506 38.432 10.840)
(13  14 33.75 12.525 38.433 9.395)
(13  14 38.25 12.556 38.432 8.289)
(13  14 42.75 12.617 38.433 7.417)
(13  14 47.25 12.697 38.432 6.710)
(13  14 51.75 12.826 38.432 6.127)
(13  14 56.25 12.986 38.432 5.637)
(13  14 60.75 13.183 38.432 5.219)
(14  4 2.25 3.641 2.439 2.631)
(14  4 6.75 3.641 2.439 0.877)
(14  4 11.25 3.640 2.439 0.526)
(14  4 15.75 3.639 2.439 0.376)
(14  4 20.25 3.639 2.439 0.292)
(14  4 24.75 3.637 2.439 0.239)
(14  4 29.25 3.635 2.439 0.202)
(14  4 33.75 3.635 2.439 0.175)
(14  4 38.25 3.635 2.439 0.155)
(14  4 42.75 3.645 2.439 0.138)
(14  4 47.25 3.659 2.439 0.125)
(14  4 51.75 3.688 2.439 0.114)
(14  4 56.25 3.729 2.439 0.105)
(14  4 60.75 3.781 2.439 0.097)
(14  5 2.25 4.553 3.810 5.140)
(14  5 6.75 4.553 3.810 1.713)
(14  5 11.25 4.552 3.810 1.028)
(14  5 15.75 4.551 3.810 0.734)
(14  5 20.25 4.551 3.810 0.571)
(14  5 24.75 4.549 3.810 0.467)
(14  5 29.25 4.545 3.810 0.395)
(14  5 33.75 4.546 3.810 0.343)
(14  5 38.25 4.548 3.810 0.302)
(14  5 42.75 4.560 3.810 0.271)
(14  5 47.25 4.578 3.810 0.245)
(14  5 51.75 4.615 3.810 0.223)
(14  5 56.25 4.665 3.810 0.206)
(14  5 60.75 4.730 3.810 0.190)
(14  6 2.25 5.466 5.487 8.881)
(14  6 6.75 5.466 5.487 2.960)
(14  6 11.25 5.466 5.487 1.776)
(14  6 15.75 5.464 5.487 1.269)
(14  6 20.25 5.463 5.487 0.987)
(14  6 24.75 5.461 5.487 0.807)
(14  6 29.25 5.458 5.487 0.683)
(14  6 33.75 5.459 5.487 0.592)
(14  6 38.25 5.462 5.487 0.522)
(14  6 42.75 5.478 5.487 0.467)
(14  6 47.25 5.501 5.487 0.423)
(14  6 51.75 5.546 5.487 0.386)
(14  6 56.25 5.605 5.487 0.355)
(14  6 60.75 5.681 5.487 0.329)
(14  7 2.25 6.381 7.468 14.103)
(14  7 6.75 6.381 7.468 4.701)
(14  7 11.25 6.380 7.468 2.821)
(14  7 15.75 6.379 7.468 2.015)
(14  7 20.25 6.378 7.468 1.567)
(14  7 24.75 6.375 7.468 1.282)
(14  7 29.25 6.372 7.468 1.085)
(14  7 33.75 6.375 7.468 0.940)
(14  7 38.25 6.380 7.468 0.830)
(14  7 42.75 6.400 7.468 0.742)
(14  7 47.25 6.428 7.468 0.672)
(14  7 51.75 6.480 7.468 0.613)
(14  7 56.25 6.549 7.468 0.564)
(14  7 60.75 6.636 7.468 0.522)
(14  8 2.25 7.298 9.754 21.051)
(14  8 6.75 7.298 9.754 7.017)
(14  8 11.25 7.297 9.754 4.210)
(14  8 15.75 7.295 9.754 3.007)
(14  8 20.25 7.294 9.754 2.339)
(14  8 24.75 7.292 9.754 1.914)
(14  8 29.25 7.289 9.754 1.619)
(14  8 33.75 7.294 9.754 1.403)
(14  8 38.25 7.302 9.754 1.238)
(14  8 42.75 7.326 9.754 1.108)
(14  8 47.25 7.359 9.754 1.002)
(14  8 51.75 7.419 9.754 0.915)
(14  8 56.25 7.496 9.754 0.842)
(14  8 60.75 7.593 9.754 0.780)
(14  9 2.25 8.217 12.345 29.974)
(14  9 6.75 8.217 12.345 9.991)
(14  9 11.25 8.216 12.345 5.995)
(14  9 15.75 8.214 12.345 4.282)
(14  9 20.25 8.213 12.345 3.330)
(14  9 24.75 8.211 12.345 2.725)
(14  9 29.25 8.209 12.345 2.306)
(14  9 33.75 8.216 12.345 1.998)
(14  9 38.25 8.228 12.345 1.763)
(14  9 42.75 8.256 12.345 1.578)
(14  9 47.25 8.295 12.345 1.427)
(14  9 51.75 8.362 12.345 1.303)
(14  9 56.25 8.447 12.345 1.199)
(14  9 60.75 8.554 12.345 1.110)
(14  10 2.25 9.140 15.241 41.116)
(14  10 6.75 9.140 15.241 13.705)
(14  10 11.25 9.138 15.241 8.223)
(14  10 15.75 9.136 15.241 5.874)
(14  10 20.25 9.136 15.241 4.568)
(14  10 24.75 9.135 15.241 3.738)
(14  10 29.25 9.134 15.241 3.163)
(14  10 33.75 9.143 15.241 2.741)
(14  10 38.25 9.158 15.241 2.419)
(14  10 42.75 9.191 15.241 2.164)
(14  10 47.25 9.235 15.241 1.958)
(14  10 51.75 9.309 15.241 1.788)
(14  10 56.25 9.402 15.241 1.645)
(14  10 60.75 9.517 15.241 1.523)
(14  11 2.25 10.067 18.441 54.725)
(14  11 6.75 10.067 18.441 18.242)
(14  11 11.25 10.065 18.441 10.945)
(14  11 15.75 10.064 18.441 7.818)
(14  11 20.25 10.063 18.441 6.081)
(14  11 24.75 10.062 18.441 4.975)
(14  11 29.25 10.063 18.441 4.210)
(14  11 33.75 10.074 18.441 3.648)
(14  11 38.25 10.092 18.441 3.219)
(14  11 42.75 10.130 18.441 2.880)
(14  11 47.25 10.179 18.441 2.606)
(14  11 51.75 10.260 18.441 2.379)
(14  11 56.25 10.360 18.441 2.189)
(14  11 60.75 10.483 18.441 2.027)
(14  12 2.25 11.000 21.947 71.049)
(14  12 6.75 11.000 21.947 23.683)
(14  12 11.25 10.998 21.947 14.210)
(14  12 15.75 10.996 21.947 10.150)
(14  12 20.25 10.995 21.947 7.894)
(14  12 24.75 10.995 21.947 6.459)
(14  12 29.25 10.996 21.947 5.465)
(14  12 33.75 11.010 21.947 4.737)
(14  12 38.25 11.031 21.947 4.179)
(14  12 42.75 11.073 21.947 3.739)
(14  12 47.25 11.127 21.947 3.383)
(14  12 51.75 11.214 21.947 3.089)
(14  12 56.25 11.321 21.947 2.842)
(14  12 60.75 11.452 21.947 2.631)
(14  13 2.25 11.938 25.757 90.332)
(14  13 6.75 11.937 25.757 30.111)
(14  13 11.25 11.935 25.757 18.066)
(14  13 15.75 11.933 25.757 12.905)
(14  13 20.25 11.932 25.757 10.037)
(14  13 24.75 11.933 25.757 8.212)
(14  13 29.25 11.935 25.757 6.949)
(14  13 33.75 11.951 25.757 6.022)
(14  13 38.25 11.975 25.757 5.314)
(14  13 42.75 12.020 25.757 4.754)
(14  13 47.25 12.079 25.757 4.302)
(14  13 51.75 12.171 25.757 3.927)
(14  13 56.25 12.286 25.757 3.613)
(14  13 60.75 12.424 25.757 3.346)
(14  14 2.25 12.881 29.872 112.822)
(14  14 6.75 12.881 29.872 37.607)
(14  14 11.25 12.878 29.872 22.564)
(14  14 15.75 12.875 29.872 16.117)
(14  14 20.25 12.874 29.872 12.536)
(14  14 24.75 12.875 29.872 10.257)
(14  14 29.25 12.877 29.872 8.679)
(14  14 33.75 12.895 29.872 7.521)
(14  14 38.25 12.922 29.872 6.637)
(14  14 42.75 12.971 29.872 5.938)
(14  14 47.25 13.034 29.872 5.372)
(14  14 51.75 13.132 29.872 4.905)
(14  14 56.25 13.253 29.872 4.513)
(14  14 60.75 13.398 29.872 4.179)
);
